// Export time: Sun Apr 12 03:41:45 2020

MODEL
VERSION 6

NUMBONES 67
BONE 0 -1 "tag_origin"
BONE 1 0 "tag_sync"
BONE 2 0 "tag_view"
BONE 3 2 "tag_ads"
BONE 4 2 "tag_cambone"
BONE 5 3 "tag_torso"
BONE 6 4 "tag_camera"
BONE 7 5 "j_shoulder_le"
BONE 8 5 "j_shoulder_ri"
BONE 9 5 "tag_weapon"
BONE 10 6 "tag_gasmask"
BONE 11 6 "tag_gasmask2"
BONE 12 6 "tag_player"
BONE 13 7 "j_elbow_le"
BONE 14 8 "j_elbow_ri"
BONE 15 13 "j_sleave_reshape_bottom_le_1"
BONE 16 13 "j_sleave_reshape_bottom_le_2"
BONE 17 13 "j_sleave_reshape_top_le_1"
BONE 18 13 "j_sleave_reshape_top_le_2"
BONE 19 13 "j_sleave_reshape_top_le_3"
BONE 20 13 "j_wrist_le"
BONE 21 13 "j_wristtwist_le"
BONE 22 14 "j_sleave_reshape_top_ri_1"
BONE 23 14 "j_sleave_reshape_top_ri_2"
BONE 24 14 "j_sleave_reshape_top_ri_3"
BONE 25 14 "j_wrist_ri"
BONE 26 14 "j_wristtwist_ri"
BONE 27 20 "j_index_le_0"
BONE 28 20 "j_mid_le_0"
BONE 29 20 "j_pinkypalm_le"
BONE 30 20 "j_ringpalm_le"
BONE 31 20 "j_thumb_le_0"
BONE 32 20 "j_webbing_le"
BONE 33 20 "tag_knife_attach"
BONE 34 20 "tag_weapon_left"
BONE 35 25 "j_index_ri_0"
BONE 36 25 "j_mid_ri_0"
BONE 37 25 "j_pinkypalm_ri"
BONE 38 25 "j_ringpalm_ri"
BONE 39 25 "j_thumb_ri_0"
BONE 40 25 "j_webbing_ri"
BONE 41 25 "tag_knife_attach2"
BONE 42 25 "tag_weapon_right"
BONE 43 27 "j_index_le_1"
BONE 44 28 "j_mid_le_1"
BONE 45 29 "j_pinky_le_0"
BONE 46 30 "j_ring_le_0"
BONE 47 31 "j_thumb_le_1"
BONE 48 35 "j_index_ri_1"
BONE 49 36 "j_mid_ri_1"
BONE 50 37 "j_pinky_ri_0"
BONE 51 38 "j_ring_ri_0"
BONE 52 39 "j_thumb_ri_1"
BONE 53 43 "j_index_le_2"
BONE 54 44 "j_mid_le_2"
BONE 55 45 "j_pinky_le_1"
BONE 56 46 "j_ring_le_1"
BONE 57 47 "j_thumb_le_2"
BONE 58 48 "j_index_ri_2"
BONE 59 49 "j_mid_ri_2"
BONE 60 50 "j_pinky_ri_1"
BONE 61 51 "j_ring_ri_1"
BONE 62 52 "j_thumb_ri_2"
BONE 63 55 "j_pinky_le_2"
BONE 64 56 "j_ring_le_2"
BONE 65 60 "j_pinky_ri_2"
BONE 66 61 "j_ring_ri_2"

BONE 0
OFFSET 0.000000 0.000000 0.000000
SCALE 1.000000 1.000000 1.000000
X 1.000000 0.000000 0.000000
Y 0.000000 1.000000 0.000000
Z 0.000000 0.000000 1.000000

BONE 1
OFFSET 0.000000 0.000000 0.000000
SCALE 1.000000 1.000000 1.000000
X -1.000000 0.000000 0.000000
Y -0.000000 -1.000000 0.000000
Z 0.000000 0.000000 1.000000

BONE 2
OFFSET 0.000000 0.000000 59.999998
SCALE 1.000000 1.000000 1.000000
X 1.000000 0.000000 0.000000
Y 0.000000 1.000000 0.000000
Z 0.000000 0.000000 1.000000

BONE 3
OFFSET 0.000000 0.000000 59.999998
SCALE 1.000000 1.000000 1.000000
X 1.000000 0.000000 0.000000
Y 0.000000 1.000000 0.000000
Z 0.000000 0.000000 1.000000

BONE 4
OFFSET 0.000000 0.000000 59.999998
SCALE 1.000000 1.000000 1.000000
X 1.000000 0.000000 0.000000
Y 0.000000 1.000000 0.000000
Z 0.000000 0.000000 1.000000

BONE 5
OFFSET -4.631834 0.000000 58.623044
SCALE 1.000000 1.000000 1.000000
X 1.000000 0.000000 0.000000
Y 0.000000 1.000000 0.000000
Z 0.000000 0.000000 1.000000

BONE 6
OFFSET 0.000000 0.000000 59.999998
SCALE 1.000000 1.000000 1.000000
X 1.000000 0.000000 0.000000
Y 0.000000 1.000000 0.000000
Z 0.000000 0.000000 1.000000

BONE 7
OFFSET -3.506030 7.937290 56.813089
SCALE 1.000000 1.000000 1.000000
X 0.473013 0.011286 -0.880983
Y 0.446796 -0.864881 0.228812
Z -0.759363 -0.501851 -0.414142

BONE 8
OFFSET -3.506032 -7.937284 56.813089
SCALE 1.000000 1.000000 1.000000
X -0.472961 0.011498 0.881008
Y -0.446888 -0.864883 -0.228620
Z 0.759341 -0.501841 0.414195

BONE 9
OFFSET 10.527969 0.000000 51.870321
SCALE 1.000000 1.000000 1.000000
X 1.000000 0.000000 0.000000
Y 0.000000 1.000000 0.000000
Z 0.000000 0.000000 1.000000

BONE 10
OFFSET 1.540442 0.000000 64.135748
SCALE 1.000000 1.000000 1.000000
X 1.000000 0.000000 0.000000
Y 0.000000 1.000000 0.000000
Z 0.000000 0.000000 1.000000

BONE 11
OFFSET -4.631834 0.000000 58.623044
SCALE 1.000000 1.000000 1.000000
X 1.000000 0.000000 0.000000
Y 0.000000 1.000000 0.000000
Z 0.000000 0.000000 1.000000

BONE 12
OFFSET 0.000000 0.000000 59.999998
SCALE 1.000000 1.000000 1.000000
X 1.000000 0.000000 0.000000
Y 0.000000 1.000000 0.000000
Z 0.000000 0.000000 1.000000

BONE 13
OFFSET 2.214534 8.073784 46.158577
SCALE 1.000000 1.000000 1.000000
X 0.999978 -0.002778 0.005960
Y -0.005999 -0.014203 0.999881
Z -0.002693 -0.999895 -0.014220

BONE 14
OFFSET 2.213868 -8.076333 46.158308
SCALE 1.000000 1.000000 1.000000
X -0.999979 -0.002688 -0.005902
Y 0.005940 -0.014396 -0.999879
Z 0.002602 -0.999893 0.014411

BONE 15
OFFSET 12.125329 8.957945 45.174349
SCALE 1.000000 1.000000 1.000000
X 1.000000 0.000026 0.000024
Y -0.000026 1.000000 -0.000204
Z -0.000024 0.000204 1.000000

BONE 16
OFFSET 11.739453 7.334920 44.949506
SCALE 1.000000 1.000000 1.000000
X 1.000000 0.000026 0.000024
Y -0.000026 1.000000 -0.000204
Z -0.000024 0.000204 1.000000

BONE 17
OFFSET 12.634728 8.809987 47.714982
SCALE 1.000000 1.000000 1.000000
X 1.000000 0.000026 0.000024
Y -0.000026 1.000000 -0.000204
Z -0.000024 0.000204 1.000000

BONE 18
OFFSET 12.530296 7.482575 47.911366
SCALE 1.000000 1.000000 1.000000
X 1.000000 0.000026 0.000024
Y -0.000026 1.000000 -0.000204
Z -0.000024 0.000204 1.000000

BONE 19
OFFSET 12.150344 6.891032 46.941110
SCALE 1.000000 1.000000 1.000000
X 1.000000 0.000026 0.000024
Y -0.000026 1.000000 -0.000204
Z -0.000024 0.000204 1.000000

BONE 20
OFFSET 13.785384 8.041637 46.227544
SCALE 1.000000 1.000000 1.000000
X 0.996699 -0.023016 0.077849
Y -0.077672 0.008468 0.996943
Z -0.023605 -0.999699 0.006652

BONE 21
OFFSET 10.719777 8.050154 46.209272
SCALE 1.000000 1.000000 1.000000
X 0.999978 -0.002778 0.005960
Y -0.005999 -0.014203 0.999881
Z -0.002693 -0.999895 -0.014220

BONE 22
OFFSET 12.634031 -8.813197 47.714223
SCALE 1.000000 1.000000 1.000000
X -1.000000 0.000117 0.000034
Y 0.000117 1.000000 0.000012
Z -0.000034 0.000012 -1.000000

BONE 23
OFFSET 12.529740 -7.485738 47.910364
SCALE 1.000000 1.000000 1.000000
X -1.000000 0.000117 0.000034
Y 0.000117 1.000000 0.000012
Z -0.000034 0.000012 -1.000000

BONE 24
OFFSET 12.149800 -6.894332 46.940009
SCALE 1.000000 1.000000 1.000000
X -1.000000 0.000117 0.000034
Y 0.000117 1.000000 0.000012
Z -0.000034 0.000012 -1.000000

BONE 25
OFFSET 13.784687 -8.045233 46.226610
SCALE 1.000000 1.000000 1.000000
X -0.996706 -0.022940 -0.077787
Y 0.077616 0.008269 -0.996949
Z 0.023513 -0.999703 -0.006462

BONE 26
OFFSET 10.719067 -8.053471 46.208510
SCALE 1.000000 1.000000 1.000000
X -0.999979 -0.002688 -0.005902
Y 0.005940 -0.014396 -0.999879
Z 0.002602 -0.999893 0.014411

BONE 27
OFFSET 17.619256 8.329849 47.280324
SCALE 1.000000 1.000000 1.000000
X 0.770374 -0.621830 0.140895
Y -0.611722 -0.783152 -0.111662
Z 0.179777 -0.000167 -0.983707

BONE 28
OFFSET 17.592997 8.143810 46.191691
SCALE 1.000000 1.000000 1.000000
X 0.786593 -0.616938 0.025650
Y -0.616619 -0.787011 -0.019838
Z 0.032426 -0.000211 -0.999474

BONE 29
OFFSET 14.707190 7.811051 45.227298
SCALE 1.000000 1.000000 1.000000
X 0.860535 -0.066663 -0.505010
Y -0.090725 -0.995606 -0.023173
Z -0.501246 0.065758 -0.862802

BONE 30
OFFSET 14.878082 7.951210 45.906022
SCALE 1.000000 1.000000 1.000000
X 0.972226 -0.030482 -0.232050
Y -0.040546 -0.998427 -0.038725
Z -0.230505 0.047059 -0.971933

BONE 31
OFFSET 14.149086 7.628965 47.227370
SCALE 1.000000 1.000000 1.000000
X 0.614036 -0.475444 0.630011
Y -0.500906 0.382124 0.776578
Z -0.609962 -0.792423 -0.003515

BONE 32
OFFSET 16.721931 7.448281 48.054011
SCALE 1.000000 1.000000 1.000000
X 0.946247 -0.301276 -0.117686
Y 0.309148 0.949411 0.055192
Z 0.095105 -0.088608 0.991516

BONE 33
OFFSET 16.493504 6.451250 45.911475
SCALE 1.000000 1.000000 1.000000
X -0.281353 0.000223 -0.959604
Y 0.023572 0.999700 -0.006679
Z 0.959315 -0.024499 -0.281274

BONE 34
OFFSET 10.528545 0.000434 51.872037
SCALE 1.000000 1.000000 1.000000
X 0.000072 -1.000000 0.000153
Y 1.000000 0.000072 0.000033
Z -0.000033 0.000153 1.000000

BONE 35
OFFSET 17.618494 -8.333627 47.279213
SCALE 1.000000 1.000000 1.000000
X -0.770439 -0.621786 -0.140732
Y 0.611657 -0.783187 0.111777
Z -0.179721 0.000038 0.983718

BONE 36
OFFSET 17.592181 -8.147764 46.190521
SCALE 1.000000 1.000000 1.000000
X -0.786651 -0.616871 -0.025486
Y 0.616548 -0.787064 0.019954
Z -0.032368 -0.000017 0.999476

BONE 37
OFFSET 14.706431 -7.814935 45.226226
SCALE 1.000000 1.000000 1.000000
X -0.860512 -0.066487 0.505072
Y 0.090635 -0.995610 0.023358
Z 0.501302 0.065877 0.862761

BONE 38
OFFSET 14.877339 -7.954993 45.904995
SCALE 1.000000 1.000000 1.000000
X -0.972216 -0.030348 0.232112
Y 0.040457 -0.998423 0.038915
Z 0.230565 0.047224 0.971910

BONE 39
OFFSET 14.148475 -7.632448 47.226295
SCALE 1.000000 1.000000 1.000000
X -0.614115 -0.475508 -0.629885
Y 0.500897 0.381929 -0.776680
Z 0.609889 -0.792478 0.003632

BONE 40
OFFSET 16.720931 -7.419579 48.052822
SCALE 1.000000 1.000000 1.000000
X -0.946267 -0.301167 0.117798
Y -0.309064 0.949429 -0.055356
Z -0.095170 -0.088789 -0.991493

BONE 41
OFFSET 16.492852 -6.455152 45.910018
SCALE 1.000000 1.000000 1.000000
X -0.281363 0.000457 -0.959601
Y 0.023801 0.999696 -0.006502
Z 0.959306 -0.024669 -0.281288

BONE 42
OFFSET 10.528985 -0.002804 51.869713
SCALE 1.000000 1.000000 1.000000
X -0.000115 -1.000000 -0.000015
Y 0.998877 -0.000115 -0.047375
Z 0.047375 -0.000020 0.998877

BONE 43
OFFSET 18.975622 7.235043 47.528387
SCALE 1.000000 1.000000 1.000000
X 0.426080 -0.903326 0.049576
Y -0.880208 -0.426590 -0.207977
Z 0.209020 0.044978 -0.976876

BONE 44
OFFSET 19.129647 6.938574 46.241798
SCALE 1.000000 1.000000 1.000000
X 0.028191 -0.999545 -0.010737
Y -0.999561 -0.028286 0.008827
Z -0.009127 0.010483 -0.999903

BONE 45
OFFSET 16.702562 7.529622 44.215457
SCALE 1.000000 1.000000 1.000000
X 0.856305 -0.436555 -0.275973
Y -0.415450 -0.899678 0.134096
Z -0.306827 -0.000174 -0.951765

BONE 46
OFFSET 17.368017 7.901124 45.160278
SCALE 1.000000 1.000000 1.000000
X 0.831791 -0.508811 -0.221890
Y -0.491563 -0.860878 0.131356
Z -0.257856 -0.000188 -0.966183

BONE 47
OFFSET 15.390174 6.597021 48.664172
SCALE 1.000000 1.000000 1.000000
X 0.914600 -0.402904 0.034285
Y -0.079033 -0.094964 0.992338
Z -0.396561 -0.910302 -0.118697

BONE 48
OFFSET 18.974941 -7.238925 47.526977
SCALE 1.000000 1.000000 1.000000
X -0.426165 -0.903297 -0.049378
Y 0.880181 -0.426630 0.208009
Z -0.208960 0.045184 0.976880

BONE 49
OFFSET 19.128957 -6.942653 46.240330
SCALE 1.000000 1.000000 1.000000
X -0.028282 -0.999540 0.010930
Y 0.999558 -0.028379 -0.008879
Z 0.009185 0.010674 0.999901

BONE 50
OFFSET 16.701675 -7.533878 44.214233
SCALE 1.000000 1.000000 1.000000
X -0.856329 -0.436423 0.276106
Y 0.415360 -0.899741 -0.133947
Z 0.306882 -0.000019 0.951748

BONE 51
OFFSET 17.367112 -7.905271 45.159088
SCALE 1.000000 1.000000 1.000000
X -0.831825 -0.508692 0.222035
Y 0.491476 -0.860949 -0.131219
Z 0.257911 -0.000026 0.966169

BONE 52
OFFSET 15.389750 -6.600401 48.662805
SCALE 1.000000 1.000000 1.000000
X -0.914639 -0.402827 -0.034156
Y 0.078968 -0.095161 -0.992325
Z 0.396485 -0.910316 0.118849

BONE 53
OFFSET 19.480937 6.134190 47.648002
SCALE 1.000000 1.000000 1.000000
X 0.139867 -0.988423 0.058794
Y -0.965342 -0.149333 -0.214045
Z 0.220347 -0.026819 -0.975053

BONE 54
OFFSET 19.170810 5.478590 46.226115
SCALE 1.000000 1.000000 1.000000
X -0.530257 -0.847832 0.002885
Y -0.845550 0.529073 0.071600
Z -0.062231 0.035527 -0.997429

BONE 55
OFFSET 17.914913 6.911566 43.824747
SCALE 1.000000 1.000000 1.000000
X 0.129539 -0.991001 -0.033704
Y -0.958735 -0.133852 0.250822
Z -0.253076 -0.000178 -0.967446

BONE 56
OFFSET 18.784156 7.034916 44.782527
SCALE 1.000000 1.000000 1.000000
X 0.018773 -0.999821 0.002180
Y -0.972654 -0.017757 0.231579
Z -0.231499 -0.006468 -0.972814

BONE 57
OFFSET 16.826973 5.850315 48.647035
SCALE 1.000000 1.000000 1.000000
X 0.780326 -0.439672 -0.444724
Y 0.353900 -0.275850 0.893679
Z -0.515602 -0.854749 -0.059653

BONE 58
OFFSET 19.480337 -6.138138 47.646344
SCALE 1.000000 1.000000 1.000000
X -0.139961 -0.988422 -0.058597
Y 0.965340 -0.149380 0.214019
Z -0.220294 -0.026612 0.975070

BONE 59
OFFSET 19.170292 -5.482684 46.224335
SCALE 1.000000 1.000000 1.000000
X 0.530179 -0.847881 -0.002753
Y 0.845594 0.528982 -0.071750
Z 0.062292 0.035712 0.997419

BONE 60
OFFSET 17.914021 -6.916048 43.823358
SCALE 1.000000 1.000000 1.000000
X -0.129628 -0.990983 0.033902
Y 0.958708 -0.133988 -0.250851
Z 0.253132 -0.000015 0.967432

BONE 61
OFFSET 18.783201 -7.039336 44.781085
SCALE 1.000000 1.000000 1.000000
X -0.018864 -0.999820 -0.001987
Y 0.972639 -0.017891 -0.231631
Z 0.231554 -0.006303 0.972802

BONE 62
OFFSET 16.826606 -5.853819 48.645434
SCALE 1.000000 1.000000 1.000000
X -0.780341 -0.439515 0.444853
Y -0.353976 -0.275989 -0.893606
Z 0.515527 -0.854785 0.059788

BONE 63
OFFSET 18.029786 6.032936 43.794863
SCALE 1.000000 1.000000 1.000000
X -0.508593 -0.843957 0.170498
Y -0.800279 0.536410 0.267989
Z -0.317628 -0.000148 -0.948215

BONE 64
OFFSET 18.810222 5.649283 44.785537
SCALE 1.000000 1.000000 1.000000
X -0.560903 -0.817057 0.133434
Y -0.794949 0.576556 0.188781
Z -0.231177 -0.000185 -0.972912

BONE 65
OFFSET 18.028949 -6.037432 43.793296
SCALE 1.000000 1.000000 1.000000
X 0.508506 -0.844037 -0.170365
Y 0.800312 0.536286 -0.268138
Z 0.317682 0.000005 0.948197

BONE 66
OFFSET 18.809389 -5.653725 44.783819
SCALE 1.000000 1.000000 1.000000
X 0.560821 -0.817134 -0.133309
Y 0.794992 0.576447 -0.188937
Z 0.231233 -0.000020 0.972898


NUMVERTS 5132
VERT 0
OFFSET 13.535570 9.380440 45.455296
BONES 1
BONE 20 1.000000

VERT 1
OFFSET 13.553703 9.388726 45.679180
BONES 1
BONE 20 1.000000

VERT 2
OFFSET 13.539385 9.459457 45.658208
BONES 1
BONE 20 1.000000

VERT 3
OFFSET 13.560540 9.500106 45.849543
BONES 1
BONE 20 1.000000

VERT 4
OFFSET 13.567779 9.433999 45.860282
BONES 1
BONE 20 1.000000

VERT 5
OFFSET 13.599418 9.477751 46.034838
BONES 1
BONE 20 1.000000

VERT 6
OFFSET 13.586376 9.549694 46.015044
BONES 1
BONE 20 1.000000

VERT 7
OFFSET 13.637002 9.516534 46.222594
BONES 1
BONE 20 1.000000

VERT 8
OFFSET 13.627204 9.584170 46.231001
BONES 1
BONE 20 1.000000

VERT 9
OFFSET 13.698841 9.545556 46.361971
BONES 1
BONE 20 1.000000

VERT 10
OFFSET 13.685302 9.625620 46.388488
BONES 1
BONE 20 1.000000

VERT 11
OFFSET 13.734188 9.556283 46.410331
BONES 1
BONE 20 1.000000

VERT 12
OFFSET 13.723857 9.645524 46.472850
BONES 1
BONE 20 1.000000

VERT 13
OFFSET 13.780576 9.560027 46.459261
BONES 1
BONE 20 1.000000

VERT 14
OFFSET 13.782386 9.621713 46.589931
BONES 1
BONE 20 1.000000

VERT 15
OFFSET 13.827777 9.559117 46.482432
BONES 1
BONE 20 1.000000

VERT 16
OFFSET 13.841320 9.610615 46.611212
BONES 1
BONE 20 1.000000

VERT 17
OFFSET 13.873739 9.606203 46.610263
BONES 1
BONE 20 1.000000

VERT 18
OFFSET 13.933113 9.593969 46.561225
BONES 1
BONE 20 1.000000

VERT 19
OFFSET 13.876601 9.542790 46.476046
BONES 1
BONE 20 1.000000

VERT 20
OFFSET 13.971557 9.584555 46.447024
BONES 1
BONE 20 1.000000

VERT 21
OFFSET 13.902236 9.540462 46.441344
BONES 1
BONE 20 1.000000

VERT 22
OFFSET 13.945228 9.511993 46.333908
BONES 1
BONE 20 1.000000

VERT 23
OFFSET 13.994453 9.571981 46.318583
BONES 1
BONE 20 1.000000

VERT 24
OFFSET 13.968678 9.467215 46.139121
BONES 1
BONE 20 1.000000

VERT 25
OFFSET 14.004389 9.534222 46.127716
BONES 1
BONE 20 1.000000

VERT 26
OFFSET 13.965475 9.448936 46.042116
BONES 1
BONE 20 1.000000

VERT 27
OFFSET 14.000601 9.510804 46.023184
BONES 1
BONE 20 1.000000

VERT 28
OFFSET 13.962225 9.441824 45.701236
BONES 1
BONE 20 1.000000

VERT 29
OFFSET 13.929519 9.377982 45.717465
BONES 1
BONE 20 1.000000

VERT 30
OFFSET 13.923714 9.405341 45.521296
BONES 1
BONE 20 1.000000

VERT 31
OFFSET 13.889831 9.328959 45.549059
BONES 1
BONE 20 1.000000

VERT 32
OFFSET 13.849488 9.324521 45.357309
BONES 1
BONE 20 1.000000

VERT 33
OFFSET 13.814862 9.283320 45.389758
BONES 1
BONE 20 1.000000

VERT 34
OFFSET 13.699587 9.243069 45.283346
BONES 1
BONE 20 1.000000

VERT 35
OFFSET 13.726961 9.226677 45.155644
BONES 1
BONE 20 1.000000

VERT 36
OFFSET 13.658387 9.243246 45.275630
BONES 1
BONE 20 1.000000

VERT 37
OFFSET 13.649169 9.204494 45.105948
BONES 1
BONE 20 1.000000

VERT 38
OFFSET 13.611531 9.225829 45.120612
BONES 1
BONE 20 1.000000

VERT 39
OFFSET 13.585797 9.272583 45.200432
BONES 1
BONE 20 1.000000

VERT 40
OFFSET 13.626473 9.267120 45.303726
BONES 1
BONE 20 1.000000

VERT 41
OFFSET 13.557628 9.319597 45.311539
BONES 1
BONE 20 1.000000

VERT 42
OFFSET 13.595725 9.291749 45.386298
BONES 1
BONE 20 1.000000

VERT 43
OFFSET 13.535570 9.380440 45.455296
BONES 1
BONE 20 1.000000

VERT 44
OFFSET 13.566685 9.315838 45.474186
BONES 1
BONE 20 1.000000

VERT 45
OFFSET 13.502070 9.371378 45.448012
BONES 1
BONE 20 1.000000

VERT 46
OFFSET 13.514487 9.302595 45.284205
BONES 1
BONE 20 1.000000

VERT 47
OFFSET 13.535507 9.209800 45.126214
BONES 1
BONE 20 1.000000

VERT 48
OFFSET 13.579921 9.167588 45.030248
BONES 1
BONE 20 1.000000

VERT 49
OFFSET 13.636757 9.133946 45.009229
BONES 1
BONE 20 1.000000

VERT 50
OFFSET 13.744317 9.164698 45.087439
BONES 1
BONE 20 1.000000

VERT 51
OFFSET 13.881520 9.319190 45.347016
BONES 1
BONE 20 1.000000

VERT 52
OFFSET 13.940147 9.400486 45.517575
BONES 1
BONE 20 1.000000

VERT 53
OFFSET 13.983949 9.444696 45.704224
BONES 1
BONE 20 1.000000

VERT 54
OFFSET 14.023135 9.512980 46.022956
BONES 1
BONE 20 1.000000

VERT 55
OFFSET 14.026760 9.533637 46.134904
BONES 1
BONE 20 1.000000

VERT 56
OFFSET 14.022488 9.564192 46.324446
BONES 1
BONE 20 1.000000

VERT 57
OFFSET 14.010939 9.577742 46.464650
BONES 1
BONE 20 1.000000

VERT 58
OFFSET 13.962394 9.581656 46.625918
BONES 1
BONE 20 1.000000

VERT 59
OFFSET 13.882403 9.588758 46.733901
BONES 1
BONE 20 1.000000

VERT 60
OFFSET 13.824157 9.594271 46.748682
BONES 1
BONE 20 1.000000

VERT 61
OFFSET 13.766774 9.612318 46.702999
BONES 1
BONE 20 1.000000

VERT 62
OFFSET 13.700772 9.632048 46.604418
BONES 1
BONE 20 1.000000

VERT 63
OFFSET 13.663813 9.623309 46.453749
BONES 1
BONE 20 1.000000

VERT 64
OFFSET 13.593746 9.589089 46.270767
BONES 1
BONE 20 1.000000

VERT 65
OFFSET 13.553232 9.535756 46.020754
BONES 1
BONE 20 1.000000

VERT 66
OFFSET 13.534870 9.504405 45.856040
BONES 1
BONE 20 1.000000

VERT 67
OFFSET 13.506547 9.446184 45.662122
BONES 1
BONE 20 1.000000

VERT 68
OFFSET 13.539385 9.459457 45.658208
BONES 1
BONE 20 1.000000

VERT 69
OFFSET 13.476295 9.388196 45.670403
BONES 1
BONE 20 1.000000

VERT 70
OFFSET 13.462241 9.293144 45.434378
BONES 1
BONE 20 1.000000

VERT 71
OFFSET 13.464896 9.233777 45.278780
BONES 1
BONE 20 1.000000

VERT 72
OFFSET 13.486867 9.090641 45.063406
BONES 1
BONE 20 1.000000

VERT 73
OFFSET 13.546918 8.998209 44.901705
BONES 1
BONE 20 1.000000

VERT 74
OFFSET 13.620401 8.959736 44.875074
BONES 1
BONE 20 1.000000

VERT 75
OFFSET 13.765021 9.050116 45.017927
BONES 1
BONE 20 1.000000

VERT 76
OFFSET 13.908388 9.268314 45.344009
BONES 1
BONE 20 1.000000

VERT 77
OFFSET 13.954892 9.317868 45.522074
BONES 1
BONE 20 1.000000

VERT 78
OFFSET 14.006519 9.372877 45.719741
BONES 1
BONE 20 1.000000

VERT 79
OFFSET 14.049978 9.437548 46.043693
BONES 1
BONE 20 1.000000

VERT 80
OFFSET 14.049760 9.460510 46.161982
BONES 1
BONE 20 1.000000

VERT 81
OFFSET 14.049407 9.497856 46.354384
BONES 1
BONE 20 1.000000

VERT 82
OFFSET 14.049129 9.527005 46.504557
BONES 1
BONE 20 1.000000

VERT 83
OFFSET 13.993304 9.527238 46.706408
BONES 1
BONE 20 1.000000

VERT 84
OFFSET 13.885243 9.523657 46.911657
BONES 1
BONE 20 1.000000

VERT 85
OFFSET 13.799101 9.534625 46.917695
BONES 1
BONE 20 1.000000

VERT 86
OFFSET 13.741878 9.547609 46.873111
BONES 1
BONE 20 1.000000

VERT 87
OFFSET 13.681422 9.566348 46.746258
BONES 1
BONE 20 1.000000

VERT 88
OFFSET 13.630101 9.586831 46.545807
BONES 1
BONE 20 1.000000

VERT 89
OFFSET 13.568754 9.538675 46.312140
BONES 1
BONE 20 1.000000

VERT 90
OFFSET 13.526534 9.483331 46.037680
BONES 1
BONE 20 1.000000

VERT 91
OFFSET 13.503964 9.440586 45.872660
BONES 1
BONE 20 1.000000

VERT 92
OFFSET 13.748179 9.015622 46.118693
BONES 1
BONE 20 1.000000

VERT 93
OFFSET 14.049129 9.527005 46.504557
BONES 1
BONE 20 1.000000

VERT 94
OFFSET 14.049407 9.497856 46.354384
BONES 1
BONE 20 1.000000

VERT 95
OFFSET 14.049760 9.460510 46.161982
BONES 1
BONE 20 1.000000

VERT 96
OFFSET 14.049978 9.437548 46.043693
BONES 1
BONE 20 1.000000

VERT 97
OFFSET 14.006519 9.372877 45.719741
BONES 1
BONE 20 1.000000

VERT 98
OFFSET 13.954892 9.317868 45.522074
BONES 1
BONE 20 1.000000

VERT 99
OFFSET 13.908388 9.268314 45.344009
BONES 1
BONE 20 1.000000

VERT 100
OFFSET 13.765021 9.050116 45.017927
BONES 1
BONE 20 1.000000

VERT 101
OFFSET 13.486867 9.090641 45.063406
BONES 1
BONE 20 1.000000

VERT 102
OFFSET 13.464896 9.233777 45.278780
BONES 1
BONE 20 1.000000

VERT 103
OFFSET 13.462241 9.293144 45.434378
BONES 1
BONE 20 1.000000

VERT 104
OFFSET 13.476295 9.388196 45.670403
BONES 1
BONE 20 1.000000

VERT 105
OFFSET 13.503964 9.440586 45.872660
BONES 1
BONE 20 1.000000

VERT 106
OFFSET 13.526534 9.483331 46.037680
BONES 1
BONE 20 1.000000

VERT 107
OFFSET 13.568754 9.538675 46.312140
BONES 1
BONE 20 1.000000

VERT 108
OFFSET 13.630101 9.586831 46.545807
BONES 1
BONE 20 1.000000

VERT 109
OFFSET 13.681422 9.566348 46.746258
BONES 1
BONE 20 1.000000

VERT 110
OFFSET 11.517708 6.891181 46.171672
BONES 1
BONE 21 1.000000

VERT 111
OFFSET 11.573930 7.052825 45.753089
BONES 1
BONE 21 1.000000

VERT 112
OFFSET 11.557595 6.852893 46.688975
BONES 1
BONE 21 1.000000

VERT 113
OFFSET 11.766642 7.188039 47.354294
BONES 1
BONE 21 1.000000

VERT 114
OFFSET 11.783088 7.923355 44.817611
BONES 1
BONE 21 1.000000

VERT 115
OFFSET 11.763375 7.219049 45.292880
BONES 1
BONE 21 1.000000

VERT 116
OFFSET 11.787366 7.406211 45.019705
BONES 1
BONE 21 1.000000

VERT 117
OFFSET 11.825553 8.756861 47.778125
BONES 1
BONE 21 1.000000

VERT 118
OFFSET 11.782499 7.669297 47.867921
BONES 1
BONE 21 1.000000

VERT 119
OFFSET 11.850351 9.399235 47.442456
BONES 1
BONE 21 1.000000

VERT 120
OFFSET 11.863549 9.644212 47.079020
BONES 1
BONE 21 1.000000

VERT 121
OFFSET 11.867641 9.721611 46.655655
BONES 1
BONE 21 1.000000

VERT 122
OFFSET 11.792999 8.708364 44.958757
BONES 1
BONE 21 1.000000

VERT 123
OFFSET 11.791074 8.440880 44.826021
BONES 1
BONE 21 1.000000

VERT 124
OFFSET 11.828205 9.191764 45.249098
BONES 1
BONE 21 1.000000

VERT 125
OFFSET 11.877411 9.572076 46.009175
BONES 1
BONE 21 1.000000

VERT 126
OFFSET 11.800672 8.157597 47.921810
BONES 1
BONE 21 1.000000

VERT 127
OFFSET 11.782499 7.669297 47.867921
BONES 1
BONE 21 1.000000

VERT 128
OFFSET 11.825553 8.756861 47.778125
BONES 1
BONE 21 1.000000

VERT 129
OFFSET 12.520728 7.467999 44.639563
BONES 1
BONE 21 1.000000

VERT 130
OFFSET 12.513337 7.349568 44.794548
BONES 1
BONE 21 1.000000

VERT 131
OFFSET 12.280134 7.473158 44.655705
BONES 1
BONE 21 1.000000

VERT 132
OFFSET 12.274039 7.324003 44.866298
BONES 1
BONE 21 1.000000

VERT 133
OFFSET 12.047660 7.290917 44.841136
BONES 1
BONE 21 1.000000

VERT 134
OFFSET 12.045335 7.703760 44.599719
BONES 1
BONE 21 1.000000

VERT 135
OFFSET 11.885537 7.314043 44.877375
BONES 1
BONE 21 1.000000

VERT 136
OFFSET 11.856521 7.850711 44.669318
BONES 1
BONE 21 1.000000

VERT 137
OFFSET 11.787366 7.406211 45.019705
BONES 1
BONE 21 1.000000

VERT 138
OFFSET 11.783088 7.923355 44.817611
BONES 1
BONE 21 1.000000

VERT 139
OFFSET 11.855858 7.934430 44.588407
BONES 1
BONE 21 1.000000

VERT 140
OFFSET 11.791074 8.440880 44.826021
BONES 1
BONE 21 1.000000

VERT 141
OFFSET 11.869711 8.459481 44.648818
BONES 1
BONE 21 1.000000

VERT 142
OFFSET 11.899632 8.740143 44.825609
BONES 1
BONE 21 1.000000

VERT 143
OFFSET 11.792999 8.708364 44.958757
BONES 1
BONE 21 1.000000

VERT 144
OFFSET 11.934959 9.207575 45.183707
BONES 1
BONE 21 1.000000

VERT 145
OFFSET 11.828205 9.191764 45.249098
BONES 1
BONE 21 1.000000

VERT 146
OFFSET 11.989669 9.635517 45.987311
BONES 1
BONE 21 1.000000

VERT 147
OFFSET 11.877411 9.572076 46.009175
BONES 1
BONE 21 1.000000

VERT 148
OFFSET 11.867641 9.721611 46.655655
BONES 1
BONE 21 1.000000

VERT 149
OFFSET 11.979509 9.822080 46.695523
BONES 1
BONE 21 1.000000

VERT 150
OFFSET 11.863549 9.644212 47.079020
BONES 1
BONE 21 1.000000

VERT 151
OFFSET 11.976557 9.726391 47.164950
BONES 1
BONE 21 1.000000

VERT 152
OFFSET 11.850351 9.399235 47.442456
BONES 1
BONE 21 1.000000

VERT 153
OFFSET 11.964510 9.446223 47.558317
BONES 1
BONE 21 1.000000

VERT 154
OFFSET 11.825553 8.756861 47.778125
BONES 1
BONE 21 1.000000

VERT 155
OFFSET 11.936768 8.758377 47.932743
BONES 1
BONE 21 1.000000

VERT 156
OFFSET 11.800672 8.157597 47.921810
BONES 1
BONE 21 1.000000

VERT 157
OFFSET 11.911510 8.145457 48.064525
BONES 1
BONE 21 1.000000

VERT 158
OFFSET 11.782499 7.669297 47.867921
BONES 1
BONE 21 1.000000

VERT 159
OFFSET 11.890577 7.611105 47.986552
BONES 1
BONE 21 1.000000

VERT 160
OFFSET 11.875408 7.278279 47.717231
BONES 1
BONE 21 1.000000

VERT 161
OFFSET 11.779869 7.375759 47.625216
BONES 1
BONE 21 1.000000

VERT 162
OFFSET 12.072554 7.606582 47.954055
BONES 1
BONE 21 1.000000

VERT 163
OFFSET 12.037843 7.250452 47.676312
BONES 1
BONE 21 1.000000

VERT 164
OFFSET 12.277494 7.249525 47.647921
BONES 1
BONE 21 1.000000

VERT 165
OFFSET 12.308863 7.650301 47.923450
BONES 1
BONE 21 1.000000

VERT 166
OFFSET 12.093577 8.144002 48.067501
BONES 1
BONE 21 1.000000

VERT 167
OFFSET 12.114602 8.681425 47.943383
BONES 1
BONE 21 1.000000

VERT 168
OFFSET 12.143610 9.345366 47.592232
BONES 1
BONE 21 1.000000

VERT 169
OFFSET 12.151334 9.649365 47.204593
BONES 1
BONE 21 1.000000

VERT 170
OFFSET 12.151476 9.765904 46.721157
BONES 1
BONE 21 1.000000

VERT 171
OFFSET 12.160712 9.536031 46.007487
BONES 1
BONE 21 1.000000

VERT 172
OFFSET 12.097890 9.135068 45.182999
BONES 1
BONE 21 1.000000

VERT 173
OFFSET 12.062742 8.725085 44.814895
BONES 1
BONE 21 1.000000

VERT 174
OFFSET 12.057408 8.397473 44.608097
BONES 1
BONE 21 1.000000

VERT 175
OFFSET 12.069710 7.953885 44.540411
BONES 1
BONE 21 1.000000

VERT 176
OFFSET 12.045503 7.792806 44.524480
BONES 1
BONE 21 1.000000

VERT 177
OFFSET 12.283327 7.603991 44.583851
BONES 1
BONE 21 1.000000

VERT 178
OFFSET 12.514476 7.573671 44.552979
BONES 1
BONE 21 1.000000

VERT 179
OFFSET 12.520728 7.467999 44.639563
BONES 1
BONE 21 1.000000

VERT 180
OFFSET 12.847103 7.542135 47.881542
BONES 1
BONE 21 1.000000

VERT 181
OFFSET 12.955439 7.438843 47.947507
BONES 1
BONE 21 1.000000

VERT 182
OFFSET 12.828074 7.184144 47.611255
BONES 1
BONE 21 1.000000

VERT 183
OFFSET 12.828074 7.184144 47.611255
BONES 1
BONE 21 1.000000

VERT 184
OFFSET 12.657164 7.264900 47.595488
BONES 1
BONE 21 1.000000

VERT 185
OFFSET 12.847103 7.542135 47.881542
BONES 1
BONE 21 1.000000

VERT 186
OFFSET 12.681899 7.585497 47.890590
BONES 1
BONE 21 1.000000

VERT 187
OFFSET 12.901746 7.971381 48.001684
BONES 1
BONE 21 1.000000

VERT 188
OFFSET 12.716149 8.075913 48.007557
BONES 1
BONE 21 1.000000

VERT 189
OFFSET 12.329100 8.128176 48.067862
BONES 1
BONE 21 1.000000

VERT 190
OFFSET 12.349338 8.606049 47.982016
BONES 1
BONE 21 1.000000

VERT 191
OFFSET 12.378671 9.228767 47.628718
BONES 1
BONE 21 1.000000

VERT 192
OFFSET 12.381311 9.565724 47.253148
BONES 1
BONE 21 1.000000

VERT 193
OFFSET 12.385504 9.712895 46.754525
BONES 1
BONE 21 1.000000

VERT 194
OFFSET 12.404995 9.491427 45.990264
BONES 1
BONE 21 1.000000

VERT 195
OFFSET 12.375494 9.093848 45.189970
BONES 1
BONE 21 1.000000

VERT 196
OFFSET 12.321140 8.700770 44.828733
BONES 1
BONE 21 1.000000

VERT 197
OFFSET 12.286499 8.331430 44.598124
BONES 1
BONE 21 1.000000

VERT 198
OFFSET 12.321513 7.904516 44.607904
BONES 1
BONE 21 1.000000

VERT 199
OFFSET 12.302876 7.742782 44.612194
BONES 1
BONE 21 1.000000

VERT 200
OFFSET 12.532462 7.682968 44.592297
BONES 1
BONE 21 1.000000

VERT 201
OFFSET 12.771530 7.635904 44.503195
BONES 1
BONE 21 1.000000

VERT 202
OFFSET 12.535541 7.884710 44.616083
BONES 1
BONE 21 1.000000

VERT 203
OFFSET 12.567100 8.266375 44.546281
BONES 1
BONE 21 1.000000

VERT 204
OFFSET 12.586164 8.634903 44.803469
BONES 1
BONE 21 1.000000

VERT 205
OFFSET 12.619568 8.951786 45.174279
BONES 1
BONE 21 1.000000

VERT 206
OFFSET 12.609015 9.424189 45.926032
BONES 1
BONE 21 1.000000

VERT 207
OFFSET 12.721006 9.637414 46.707174
BONES 1
BONE 21 1.000000

VERT 208
OFFSET 12.738180 8.468862 47.994839
BONES 1
BONE 21 1.000000

VERT 209
OFFSET 12.929131 8.383276 47.982668
BONES 1
BONE 21 1.000000

VERT 210
OFFSET 11.779869 7.375759 47.625216
BONES 1
BONE 21 1.000000

VERT 211
OFFSET 11.766642 7.188039 47.354294
BONES 1
BONE 21 1.000000

VERT 212
OFFSET 11.782499 7.669297 47.867921
BONES 1
BONE 21 1.000000

VERT 213
OFFSET 12.787877 6.916664 44.892207
BONES 1
BONE 21 1.000000

VERT 214
OFFSET 12.520728 7.467999 44.639563
BONES 1
BONE 21 1.000000

VERT 215
OFFSET 12.466775 6.937798 44.947424
BONES 1
BONE 21 1.000000

VERT 216
OFFSET 12.728476 6.693091 45.410883
BONES 1
BONE 21 1.000000

VERT 217
OFFSET 12.446470 6.723913 45.377095
BONES 1
BONE 21 1.000000

VERT 218
OFFSET 12.192456 6.818821 45.350401
BONES 1
BONE 21 1.000000

VERT 219
OFFSET 12.211914 7.049769 44.992279
BONES 1
BONE 21 1.000000

VERT 220
OFFSET 12.280134 7.473158 44.655705
BONES 1
BONE 21 1.000000

VERT 221
OFFSET 12.166363 6.720487 45.957091
BONES 1
BONE 21 1.000000

VERT 222
OFFSET 12.655225 6.610100 46.018940
BONES 1
BONE 21 1.000000

VERT 223
OFFSET 12.353115 6.734092 46.472342
BONES 1
BONE 21 1.000000

VERT 224
OFFSET 12.076195 6.700845 46.479203
BONES 1
BONE 21 1.000000

VERT 225
OFFSET 12.069547 6.789412 46.844245
BONES 1
BONE 21 1.000000

VERT 226
OFFSET 12.136069 6.793696 47.040630
BONES 1
BONE 21 1.000000

VERT 227
OFFSET 12.261661 6.748383 47.115545
BONES 1
BONE 21 1.000000

VERT 228
OFFSET 12.389600 6.705829 47.082874
BONES 1
BONE 21 1.000000

VERT 229
OFFSET 12.498048 6.687976 46.957935
BONES 1
BONE 21 1.000000

VERT 230
OFFSET 12.594829 6.699065 46.542968
BONES 1
BONE 21 1.000000

VERT 231
OFFSET 12.280134 7.473158 44.655705
BONES 1
BONE 21 1.000000

VERT 232
OFFSET 12.212843 7.031408 44.969733
BONES 1
BONE 21 1.000000

VERT 233
OFFSET 12.520728 7.467999 44.639563
BONES 1
BONE 21 1.000000

VERT 234
OFFSET 12.471287 6.925004 44.912651
BONES 1
BONE 21 1.000000

VERT 235
OFFSET 12.193621 6.751821 45.356165
BONES 1
BONE 21 1.000000

VERT 236
OFFSET 12.447637 6.656912 45.382865
BONES 1
BONE 21 1.000000

VERT 237
OFFSET 12.163517 6.654417 45.944433
BONES 1
BONE 21 1.000000

VERT 238
OFFSET 12.410138 6.558384 45.937882
BONES 1
BONE 21 1.000000

VERT 239
OFFSET 12.729639 6.626089 45.416653
BONES 1
BONE 21 1.000000

VERT 240
OFFSET 12.777521 6.874313 44.861182
BONES 1
BONE 21 1.000000

VERT 241
OFFSET 12.652381 6.544028 46.006285
BONES 1
BONE 21 1.000000

VERT 242
OFFSET 12.363613 6.643566 46.460646
BONES 1
BONE 21 1.000000

VERT 243
OFFSET 12.088272 6.664847 46.469320
BONES 1
BONE 21 1.000000

VERT 244
OFFSET 12.071934 6.723137 46.833149
BONES 1
BONE 21 1.000000

VERT 245
OFFSET 12.138452 6.727423 47.029543
BONES 1
BONE 21 1.000000

VERT 246
OFFSET 12.264044 6.682108 47.104459
BONES 1
BONE 21 1.000000

VERT 247
OFFSET 12.391985 6.639556 47.071781
BONES 1
BONE 21 1.000000

VERT 248
OFFSET 12.500436 6.621699 46.946836
BONES 1
BONE 21 1.000000

VERT 249
OFFSET 12.602060 6.633132 46.532482
BONES 1
BONE 21 1.000000

VERT 250
OFFSET 12.513337 7.349568 44.794548
BONES 1
BONE 21 1.000000

VERT 251
OFFSET 12.495714 7.183288 44.845320
BONES 1
BONE 21 1.000000

VERT 252
OFFSET 12.274039 7.324003 44.866298
BONES 1
BONE 21 1.000000

VERT 253
OFFSET 12.257718 7.182228 44.909302
BONES 1
BONE 21 1.000000

VERT 254
OFFSET 12.047660 7.290917 44.841136
BONES 1
BONE 21 1.000000

VERT 255
OFFSET 12.044350 7.184856 44.960773
BONES 1
BONE 21 1.000000

VERT 256
OFFSET 11.885537 7.314043 44.877375
BONES 1
BONE 21 1.000000

VERT 257
OFFSET 11.862700 7.140356 45.110567
BONES 1
BONE 21 1.000000

VERT 258
OFFSET 11.787366 7.406211 45.019705
BONES 1
BONE 21 1.000000

VERT 259
OFFSET 11.763375 7.219049 45.292880
BONES 1
BONE 21 1.000000

VERT 260
OFFSET 11.854621 7.080654 45.188639
BONES 1
BONE 21 1.000000

VERT 261
OFFSET 11.716786 6.935776 45.689545
BONES 1
BONE 21 1.000000

VERT 262
OFFSET 11.573930 7.052825 45.753089
BONES 1
BONE 21 1.000000

VERT 263
OFFSET 11.675273 6.769048 46.155257
BONES 1
BONE 21 1.000000

VERT 264
OFFSET 11.517708 6.891181 46.171672
BONES 1
BONE 21 1.000000

VERT 265
OFFSET 11.557595 6.852893 46.688975
BONES 1
BONE 21 1.000000

VERT 266
OFFSET 11.692417 6.744392 46.699215
BONES 1
BONE 21 1.000000

VERT 267
OFFSET 11.766642 7.188039 47.354294
BONES 1
BONE 21 1.000000

VERT 268
OFFSET 11.849594 7.057006 47.435676
BONES 1
BONE 21 1.000000

VERT 269
OFFSET 11.779869 7.375759 47.625216
BONES 1
BONE 21 1.000000

VERT 270
OFFSET 11.875408 7.278279 47.717231
BONES 1
BONE 21 1.000000

VERT 271
OFFSET 12.037843 7.250452 47.676312
BONES 1
BONE 21 1.000000

VERT 272
OFFSET 12.008313 7.022735 47.410166
BONES 1
BONE 21 1.000000

VERT 273
OFFSET 12.006201 6.724964 46.649233
BONES 1
BONE 21 1.000000

VERT 274
OFFSET 12.013800 6.724925 46.163027
BONES 1
BONE 21 1.000000

VERT 275
OFFSET 11.995356 6.881418 45.658061
BONES 1
BONE 21 1.000000

VERT 276
OFFSET 12.025515 7.032117 45.194094
BONES 1
BONE 21 1.000000

VERT 277
OFFSET 12.233202 6.996493 45.140544
BONES 1
BONE 21 1.000000

VERT 278
OFFSET 12.509718 7.022427 45.051764
BONES 1
BONE 21 1.000000

VERT 279
OFFSET 12.709681 6.792564 45.588942
BONES 1
BONE 21 1.000000

VERT 280
OFFSET 12.626511 6.949489 45.625834
BONES 1
BONE 21 1.000000

VERT 281
OFFSET 12.258746 6.867848 45.633460
BONES 1
BONE 21 1.000000

VERT 282
OFFSET 12.253702 6.736095 46.188700
BONES 1
BONE 21 1.000000

VERT 283
OFFSET 12.247224 6.748355 46.649810
BONES 1
BONE 21 1.000000

VERT 284
OFFSET 12.239630 6.993127 47.334944
BONES 1
BONE 21 1.000000

VERT 285
OFFSET 12.277494 7.249525 47.647921
BONES 1
BONE 21 1.000000

VERT 286
OFFSET 12.657164 7.264900 47.595488
BONES 1
BONE 21 1.000000

VERT 287
OFFSET 12.581172 6.966076 47.198033
BONES 1
BONE 21 1.000000

VERT 288
OFFSET 12.828074 7.184144 47.611255
BONES 1
BONE 21 1.000000

VERT 289
OFFSET 12.821770 6.848062 47.243590
BONES 1
BONE 21 1.000000

VERT 290
OFFSET 12.773185 6.705011 46.656733
BONES 1
BONE 21 1.000000

VERT 291
OFFSET 12.518626 6.719904 46.623326
BONES 1
BONE 21 1.000000

VERT 292
OFFSET 12.530212 6.694773 46.159720
BONES 1
BONE 21 1.000000

VERT 293
OFFSET 12.707470 6.654594 46.141776
BONES 1
BONE 21 1.000000

VERT 294
OFFSET 12.777521 6.874313 44.861182
BONES 1
BONE 21 1.000000

VERT 295
OFFSET 12.787877 6.916664 44.892207
BONES 1
BONE 21 1.000000

VERT 296
OFFSET 12.728476 6.693091 45.410883
BONES 1
BONE 21 1.000000

VERT 297
OFFSET 12.729639 6.626089 45.416653
BONES 1
BONE 21 1.000000

VERT 298
OFFSET 12.655225 6.610100 46.018940
BONES 1
BONE 21 1.000000

VERT 299
OFFSET 12.652381 6.544028 46.006285
BONES 1
BONE 21 1.000000

VERT 300
OFFSET 12.602060 6.633132 46.532482
BONES 1
BONE 21 1.000000

VERT 301
OFFSET 12.594829 6.699065 46.542968
BONES 1
BONE 21 1.000000

VERT 302
OFFSET 12.500436 6.621699 46.946836
BONES 1
BONE 21 1.000000

VERT 303
OFFSET 12.498048 6.687976 46.957935
BONES 1
BONE 21 1.000000

VERT 304
OFFSET 12.391985 6.639556 47.071781
BONES 1
BONE 21 1.000000

VERT 305
OFFSET 12.389600 6.705829 47.082874
BONES 1
BONE 21 1.000000

VERT 306
OFFSET 12.264044 6.682108 47.104459
BONES 1
BONE 21 1.000000

VERT 307
OFFSET 12.261661 6.748383 47.115545
BONES 1
BONE 21 1.000000

VERT 308
OFFSET 12.138452 6.727423 47.029543
BONES 1
BONE 21 1.000000

VERT 309
OFFSET 12.136069 6.793696 47.040630
BONES 1
BONE 21 1.000000

VERT 310
OFFSET 12.069547 6.789412 46.844245
BONES 1
BONE 21 1.000000

VERT 311
OFFSET 12.071934 6.723137 46.833149
BONES 1
BONE 21 1.000000

VERT 312
OFFSET 12.076195 6.700845 46.479203
BONES 1
BONE 21 1.000000

VERT 313
OFFSET 12.088272 6.664847 46.469320
BONES 1
BONE 21 1.000000

VERT 314
OFFSET 12.166363 6.720487 45.957091
BONES 1
BONE 21 1.000000

VERT 315
OFFSET 12.163517 6.654417 45.944433
BONES 1
BONE 21 1.000000

VERT 316
OFFSET 12.193621 6.751821 45.356165
BONES 1
BONE 21 1.000000

VERT 317
OFFSET 12.192456 6.818821 45.350401
BONES 1
BONE 21 1.000000

VERT 318
OFFSET 12.212843 7.031408 44.969733
BONES 1
BONE 21 1.000000

VERT 319
OFFSET 12.211914 7.049769 44.992279
BONES 1
BONE 21 1.000000

VERT 320
OFFSET 12.280134 7.473158 44.655705
BONES 1
BONE 21 1.000000

VERT 321
OFFSET 11.908646 -9.589598 46.009175
BONES 1
BONE 26 1.000000

VERT 322
OFFSET 11.859439 -9.209284 45.249098
BONES 1
BONE 26 1.000000

VERT 323
OFFSET 11.898877 -9.739132 46.655655
BONES 1
BONE 26 1.000000

VERT 324
OFFSET 11.824235 -8.725885 44.958757
BONES 1
BONE 26 1.000000

VERT 325
OFFSET 11.881588 -9.416755 47.442456
BONES 1
BONE 26 1.000000

VERT 326
OFFSET 11.894785 -9.661732 47.079020
BONES 1
BONE 26 1.000000

VERT 327
OFFSET 11.812459 -7.940876 44.817611
BONES 1
BONE 26 1.000000

VERT 328
OFFSET 11.822309 -8.458400 44.826021
BONES 1
BONE 26 1.000000

VERT 329
OFFSET 11.809869 -7.423732 45.019705
BONES 1
BONE 26 1.000000

VERT 330
OFFSET 11.776244 -7.236570 45.292880
BONES 1
BONE 26 1.000000

VERT 331
OFFSET 11.557238 -7.070345 45.753089
BONES 1
BONE 26 1.000000

VERT 332
OFFSET 11.778901 -7.205560 47.354294
BONES 1
BONE 26 1.000000

VERT 333
OFFSET 11.831536 -8.175116 47.921810
BONES 1
BONE 26 1.000000

VERT 334
OFFSET 11.856787 -8.774381 47.778125
BONES 1
BONE 26 1.000000

VERT 335
OFFSET 11.810964 -7.686818 47.867921
BONES 1
BONE 26 1.000000

VERT 336
OFFSET 11.519970 -6.870414 46.688975
BONES 1
BONE 26 1.000000

VERT 337
OFFSET 11.467069 -6.908701 46.171672
BONES 1
BONE 26 1.000000

VERT 338
OFFSET 12.986674 -7.456364 47.947507
BONES 1
BONE 26 1.000000

VERT 339
OFFSET 12.859310 -7.201665 47.611255
BONES 1
BONE 26 1.000000

VERT 340
OFFSET 12.878338 -7.559655 47.881542
BONES 1
BONE 26 1.000000

VERT 341
OFFSET 12.688399 -7.282421 47.595488
BONES 1
BONE 26 1.000000

VERT 342
OFFSET 12.713135 -7.603017 47.890590
BONES 1
BONE 26 1.000000

VERT 343
OFFSET 12.303350 -7.267045 47.647921
BONES 1
BONE 26 1.000000

VERT 344
OFFSET 12.340098 -7.667821 47.923450
BONES 1
BONE 26 1.000000

VERT 345
OFFSET 12.103789 -7.624103 47.954055
BONES 1
BONE 26 1.000000

VERT 346
OFFSET 12.062318 -7.267972 47.676312
BONES 1
BONE 26 1.000000

VERT 347
OFFSET 11.899733 -7.295800 47.717231
BONES 1
BONE 26 1.000000

VERT 348
OFFSET 11.920801 -7.628625 47.986552
BONES 1
BONE 26 1.000000

VERT 349
OFFSET 11.810964 -7.686818 47.867921
BONES 1
BONE 26 1.000000

VERT 350
OFFSET 11.801766 -7.393279 47.625216
BONES 1
BONE 26 1.000000

VERT 351
OFFSET 11.942747 -8.162978 48.064525
BONES 1
BONE 26 1.000000

VERT 352
OFFSET 12.124814 -8.161524 48.067501
BONES 1
BONE 26 1.000000

VERT 353
OFFSET 12.360336 -8.145697 48.067862
BONES 1
BONE 26 1.000000

VERT 354
OFFSET 12.747385 -8.093434 48.007557
BONES 1
BONE 26 1.000000

VERT 355
OFFSET 12.932980 -7.988901 48.001684
BONES 1
BONE 26 1.000000

VERT 356
OFFSET 12.960366 -8.400797 47.982668
BONES 1
BONE 26 1.000000

VERT 357
OFFSET 12.769415 -8.486384 47.994839
BONES 1
BONE 26 1.000000

VERT 358
OFFSET 12.380573 -8.623571 47.982016
BONES 1
BONE 26 1.000000

VERT 359
OFFSET 12.145838 -8.698946 47.943383
BONES 1
BONE 26 1.000000

VERT 360
OFFSET 11.968003 -8.775897 47.932743
BONES 1
BONE 26 1.000000

VERT 361
OFFSET 11.831536 -8.175116 47.921810
BONES 1
BONE 26 1.000000

VERT 362
OFFSET 11.856787 -8.774381 47.778125
BONES 1
BONE 26 1.000000

VERT 363
OFFSET 11.995744 -9.463743 47.558317
BONES 1
BONE 26 1.000000

VERT 364
OFFSET 11.881588 -9.416755 47.442456
BONES 1
BONE 26 1.000000

VERT 365
OFFSET 12.007792 -9.743911 47.164950
BONES 1
BONE 26 1.000000

VERT 366
OFFSET 11.894785 -9.661732 47.079020
BONES 1
BONE 26 1.000000

VERT 367
OFFSET 12.010745 -9.839600 46.695523
BONES 1
BONE 26 1.000000

VERT 368
OFFSET 11.898877 -9.739132 46.655655
BONES 1
BONE 26 1.000000

VERT 369
OFFSET 12.020904 -9.653038 45.987311
BONES 1
BONE 26 1.000000

VERT 370
OFFSET 11.908646 -9.589598 46.009175
BONES 1
BONE 26 1.000000

VERT 371
OFFSET 11.859439 -9.209284 45.249098
BONES 1
BONE 26 1.000000

VERT 372
OFFSET 11.966195 -9.225094 45.183707
BONES 1
BONE 26 1.000000

VERT 373
OFFSET 11.824235 -8.725885 44.958757
BONES 1
BONE 26 1.000000

VERT 374
OFFSET 11.930866 -8.757663 44.825609
BONES 1
BONE 26 1.000000

VERT 375
OFFSET 11.822309 -8.458400 44.826021
BONES 1
BONE 26 1.000000

VERT 376
OFFSET 11.900945 -8.477001 44.648818
BONES 1
BONE 26 1.000000

VERT 377
OFFSET 11.887092 -7.951951 44.588407
